# name: Lcal
# type: matrix
# rows: 36
# columns: 128
 -10.09403833421207 -10.02826078521978 -9.961782631327463 -9.894992455605928 -9.828188263555255 -9.761433073969627 -9.694633255872267 -9.627503669118123 -9.559238936381259 -9.488860525968882 -9.416753756342919 -9.345144295394785 -9.2766404944768 -9.213095662351728 -9.155220961292985 -9.102345297305481 -9.052318355253583 -9.002404218121303 -8.95134955375574 -8.898501200877279 -8.840461110980277 -8.771726219008327 -8.69012841750247 -8.595686326736811 -8.491081638557541 -8.384786802784822 -8.290663175250684 -8.220139784173446 -8.176899056226922 -8.163860975690215 -8.173876029538961 -8.186914873751283 -8.186136113687551 -8.167450341582123 -8.132576171904269 -8.088121365044918 -8.041227990498339 -7.997935274033901 -7.959949201224769 -7.926545385202237 -7.894545905434465 -7.85732481201554 -7.816293928542048 -7.776736784559882 -7.740256739818476 -7.707199465439997 -7.677785465468223 -7.652211667436418 -7.630644646653332 -7.613207387070958 -7.599963407898325 -7.59089841355181 -7.585899664755613 -7.584733196329045 -7.587018732426333 -7.592201851314305 -7.599523159978727 -7.607985904401374 -7.616327838520552 -7.623011379400349 -7.626257552506067 -7.62415950414886 -7.614910304520311 -7.597154075547706 -7.570413229653357 -7.535475885361874 -7.494593462474113 -7.451384054905389 -7.410450946157926 -7.376829950062353 -7.355398757239328 -7.350312810277485 -7.364434285670395 -7.398661685800588 -7.451111337058387 -7.516332303178345 -7.585176719153923 -7.646164340998252 -7.688156427819997 -7.703260739564 -7.690982318233663 -7.658154092585674 -7.610737679709158 -7.547733157794116 -7.464413546983659 -7.356053738750822 -7.221317405845291 -7.068343432159605 -6.910748153251629 -6.752267655443403 -6.583219487501805 -6.40039735127848 -6.228948822954899 -6.115980497272915 -6.101597143535691 -6.198204286038453 -6.386652209019577 -6.633738715726627 -6.925550218909625 -7.266571101948434 -7.623080544661386 -7.88216920930739 -7.920625986988062 -7.765622877679593 -7.574723929307678 -7.362517621777716 -7.127841451321199 -6.99845747991778 -7.098685637734818 -7.420230360072837 -7.810125326614973 -7.863690229245898 -7.42523653534671 -6.774540212259204 -6.296106734644958 -6.205202866566394 -6.424398396566739 -6.662832188743279 -6.846793093992214 -7.064315969674083 -7.273739668035625 -7.613154639303217 -7.707079992486024 -7.42145480865597 -7.452388695759093 -7.065853309821196 -6.649927234064415 -7.76358977218033
 -9.745917000500507 -9.698683452747391 -9.652826399589724 -9.606936586595523 -9.559598454195383 -9.510685696540442 -9.461150809302275 -9.411623205503076 -9.361895138221756 -9.311864362400819 -9.262088863629888 -9.212969286224771 -9.164000356555791 -9.113956627653552 -9.062120539528381 -9.008942976632028 -8.955196232467127 -8.900125109647748 -8.841316908630873 -8.780124897730182 -8.7220018776435 -8.668812244727032 -8.615807334029874 -8.558667818260016 -8.498416810243919 -8.437513126098322 -8.377005227897474 -8.31658352696139 -8.256779807716088 -8.195811871291372 -8.132024730282126 -8.071994746801494 -8.016324343249154 -7.95784767110442 -7.904164500319324 -7.855843657360935 -7.807679658305403 -7.760523832468492 -7.71015413885889 -7.654644540783286 -7.601753100599007 -7.557187978817086 -7.510094547485689 -7.462183586585812 -7.415603651189524 -7.37054401194856 -7.32713414342351 -7.28551419534941 -7.245837097401041 -7.208270640992769 -7.172999692564586 -7.140228445775075 -7.110182570070984 -7.083111043907604 -7.059287363796095 -7.039009683040959 -7.02259924014688 -7.010396167220039 -7.002751406221957 -7.000013004331763 -7.00250455520951 -7.010493162758468 -7.024144436681938 -7.043463544606195 -7.068225734328719 -7.097908803348615 -7.131653834789363 -7.168292726280856 -7.206474963613524 -7.244886830739436 -7.282501826892974 -7.31877972909893 -7.353749811347892 -7.387911502701423 -7.421828569862286 -7.455239212470961 -7.485627345881769 -7.506795241249692 -7.509013065534152 -7.482276123094925 -7.421202883231564 -7.327676317473315 -7.210639293586756 -7.084942645403161 -6.968609746688579 -6.877713890390315 -6.820522757555668 -6.792836916393739 -6.776069534445235 -6.74192815291041 -6.668682052329669 -6.563497985314759 -6.466206341667973 -6.423261255850619 -6.458276428600106 -6.558022703866491 -6.680991625967495 -6.79512942547867 -6.887827960932889 -6.913218877335527 -6.831623881674025 -6.659575562486565 -6.484223587599453 -6.433212591683641 -6.532035263137589 -6.640249819654296 -6.632446315638283 -6.61853303523708 -6.656960196650948 -6.629030974933269 -6.630042426398218 -6.88958959758738 -7.221303872492459 -7.033597771767437 -6.690553781391644 -6.65818094984594 -6.92907180494517 -7.260212798351728 -7.400659347715765 -7.198811083298862 -6.973503691742681 -6.988701035345549 -6.804249168369799 -6.420380345670221 -6.573943830799969 -6.927623046516309 -6.998129924522219 -8.245534292050255
 -9.233366534146574 -9.186002335886212 -9.137845482676116 -9.088590746308471 -9.037462181671724 -8.983514779074692 -8.926398633142789 -8.867047601337161 -8.806914738140989 -8.746334011680181 -8.685222095576666 -8.624718798630068 -8.566313764971849 -8.512337408714082 -8.467473843512099 -8.432680439494117 -8.40366218665709 -8.374392301397359 -8.340226190154448 -8.299703226290379 -8.254378567760398 -8.203948418536775 -8.144149047956136 -8.081560411450148 -8.032910108405089 -7.999406915568133 -7.963905838689637 -7.917284102539092 -7.866875348466278 -7.817278883998896 -7.767941887530127 -7.7157462737106 -7.660850156783951 -7.608224362918366 -7.565682350413121 -7.529207072538888 -7.493382175431772 -7.458085876567254 -7.422823843620289 -7.391408605554078 -7.359911757175611 -7.32921807846832 -7.299893002460267 -7.271595884966042 -7.246086056757949 -7.223388126809917 -7.202530296359009 -7.184171848963249 -7.168437729258828 -7.155373102735913 -7.145001006603077 -7.137316828551177 -7.132281415612697 -7.129814584916267 -7.129791039216006 -7.13203905986416 -7.136338022414399 -7.142408931145525 -7.149899837185415 -7.158381314861387 -7.167369979341638 -7.176376998836634 -7.184938591033823 -7.192561831073959 -7.198552839413399 -7.201772111757847 -7.200434210364635 -7.192116665042736 -7.174112698292834 -7.144065992060146 -7.100621494209209 -7.043869844222705 -6.975507381697021 -6.898709825329395 -6.817798544736077 -6.737823735103308 -6.66411934898785 -6.60177693717382 -6.554945371782575 -6.525908466685904 -6.514028117305264 -6.514949891321829 -6.520982362773844 -6.523814090118058 -6.519537391235222 -6.513180328976113 -6.518931091780598 -6.555379036161289 -6.63829855623494 -6.772999625691996 -6.947388629934378 -7.13082790044468 -7.285271045436019 -7.370750410582812 -7.333997044799985 -7.172897811107235 -6.951846302600914 -6.730041307417325 -6.574097517249083 -6.547048505140682 -6.677303635134643 -6.936852981753399 -7.238527586003835 -7.463447588746669 -7.491152513820185 -7.332645327160777 -7.098869083133511 -6.907009422806125 -6.784665912441733 -6.670297450885633 -6.575153699654745 -6.657046094739975 -6.96786105302921 -7.21856923996657 -7.26391524145756 -7.320546835450039 -7.367617416357254 -7.231121690866158 -7.092472936557316 -7.008375168595889 -6.91608096332131 -7.033498028416738 -7.003672227469856 -6.648196405268702 -6.751250171056821 -6.775244783792176 -6.517255657051314 -7.679008542916185
